info of a
amb_light_ratio = 0.300000
colors = 255.000000 255.000000 255.000000

info of c
coor = 0.000000 0.000000 0.000000
normal = 0.000000 0.000000 1.000000
fov = 90

info of l
coor = 50.000000 0.000000 50.000000
light_brightness_ratio = 0.700000
colors = 255.000000 255.000000 255.000000

info of objs
SP
coor = -100.000000 0.000000 200.000000
sphere_diameter = 140.000000
colors = 255.000000 0.000000 0.000000

SP
coor = 0.000000 0.000000 100.000000
sphere_diameter = 70.000000
colors = 0.000000 255.000000 0.000000

SP
coor = 100.000000 0.000000 200.000000
sphere_diameter = 200.000000
colors = 0.000000 0.000000 255.000000
